6
208999477935740141581893821459365343864
61322757502305737136813654677482495873
176299941591896555998210744363530516137
33531274080901401335487249943514361298
291
0
4660
0
40
0
120632385124699181555689351058369302589
40084214594166704986346004329833404745
16
76864578410909288143
0
211399002352548043384
0
6489822077025332938
0
54878849687197
0
209139941232136148388
0
226048526328209410795
0
248033050251538946212
0
414292346168433
0
16797171044711672888
0
147380579900035642751
0
175863658861809136642
0
274080496536136
0
128772140231374517887
0
170624069785312437437
0
85372499588993753217
0
480676098922310
0
267296210061339790181920382950715409351
37851494029917865199805762103034224711
312813621269628576944703061719732073729
12567267292018771154482834841564669585
189322960978402805796670212646869562781
39905091400823807124462285988433986264
168721577736552359042608350982474956039
43823259810968702094788137353688373864
309874941980680432937549718914148754679
21060199037508225766727581173359364047
225363496343716556538805324519016644059
24806527348106155457019984435033540412
96667924929322711295614572985108914162
39223277340004655922606130540635380974
33955173507256373669321638282636797633
45235133669461080268169049935567347773
239162643009912947371621337871574241420
17140712072729523871148524124582439733
203224463013656566329625700020391457106
15414695568153477153202930220175535405
317456403836521208985195703602760411895
55423860536910261315772353180276889377
91573240703415420433129115210413918931
30106728696733873921495381409755836087
114955459241060011753740948247450429307
15683912729369443885922500404020689450
328054516401152886094410947242969777252
32440356632410021602887139977906955694
314608908726410236118630567923554217470
29060210240608123805201606536796294026
114115214392854517772851132490151073969
5972081354080939473858384608631687556
3
41324805628392289470281336009320402913
24030695137125904578040966812300153206
259843075453463412240574517131994751442
9458590355707944431873149007528944554
230006493126653427593860794292029064072
13847364299237839540389895591242258683
181830875807128386298617267861364168505
42362996691068897755242515548806857123
249181329843095202796340589297304677886
2780471716706121471833779258713112034
178183537981081068475727397771023970458
4375553362365400293703749474823742802
106199685112231001003601643840888059339
53762037755920952126189091388224487910
117
315744358710801809615746942809037942843
39957343611559411221070946273448152995
67854079698330907802646912587263952465
11615436477941167027364998579749475312
307201268356704568926408253887188622206
20541181936589350928685077999651534161
153991791228222170163468092474350117819
30110851419627771131503923965485433957
115693181839736818578921675599025896789
19451519465768446567056654009434212147
269490404616510990998051801993373367764
39145161347749580425913071117687511522
219553972619150756869476187694470351804
61968953291554858598595846058311241465
232483141284484324069046810559376881448
34172224284122314167509339371851279200
168997493823086373293155175686453643742
24756134661748233362850359239387783494
277909730527512344421982219574494230824
61560955408561001809649160189828634162
322685941884927703152824525633162373474
30669131349081602378070120251774548527
31196501398392012364254744350023504730
4554331109642728742518482706371347742
66551185173225876727070319895701731799
13297849308740594003650331402484146541
71379114942756809101655253336914119710
26707010456495966985842955375268564432
155760880681728647804445509495438189538
8501547210740396152287211400571464490
83873939891420498737947710372861957646
16501670999231411333799448701615550963
119059656106843045706161399209835698492
7930717966202339800093451045160991929
203303679944732353853944089446815056172
49122140715897635859703253102571908518
2378120170733563019008667174154430486
3586050472607092595004457832313916931
45680408531004872057768310791627752031
44177210863936884946998642041168047556
309108096730014227012106850727661498998
7269898335125554188739084853527297127
237637411652776916535187961495721611315
48550095992148502071256604056863795569
23154731641661231060874505795498833680
5051256417650446563103786043191195104
255229626276088719115419917670004552576
19644779081747075441531805191338093998
255045343148148721339969331892894458556
11389373000425895699610203397566204392
238952333281725830315275145664598025157
15476837470937083343273503677123610752
87423010392880034985994080220306039250
28373733983349831148710826994029730907
75327281893531085752685470196530892449
44728853710261530690317823323571575921
222428362805987320302838380763242965168
13256648624062805672297450074982775659
229340551269058536198745740165819685045
15036496826414839159118553931453305414
25242181359742946445031813521056433636
43296133723488408801774900312271578440
140886475047882333515320125244394969327
43006552071786497464188144622271929009
73758435090495047111341903032998394431
11614092076101115113334695136849346364
277066581469183830930530174591271052307
21290092390749242766866656245304732756
68106870781341987961737855749485223569
62231862460363706727770863650754087571
247694847387663435334548677542215127612
43430451382634012368423684281996203049
64126345904942650974775737364026812959
39047622265272439011508631333538313738
282509634886662280833978100876943206919
7581766082440078445048293100169886855
9052669437326836421073370663625297381
42181988941534708043002822149070240048
56547632436109827393620626378934674439
22511845800408630821789685310387647361
214463427067331525926512728158128865064
52414896718583786821763966968687511677
80282557454687447771726930917598046167
32283915850767939213058035347773069674
195086638930243817944629138826166197650
50245907555105866902828318804276363286
180488091118077819636966580380303898696
8667322568993699495273026381647847717
217679581504539716936332012082196196352
2046752819450001469519266919168603209
125463795282279826083032302896068571718
32273361424495136641534461769639580037
84575188617041331487906999617111960004
62961597075809482264133070531687196238
75065849754124557197327110371815959320
45904308002219340400982005754662527484
5700461949677551897128805019343139105
20230284672464250268150373600928853637
106198558850744623599114121212863343442
28120156322796491286617542872640065527
229478431307520181372402459380575108767
15178996784616580991927597730496052204
286936070856395226286781015614745758618
10920020850920699412184461380687334283
194254619998890870026335778502378015858
18192691355459170128213324414810580111
68157299013428823015645404131316606566
28362843498575138160078544223848122349
288657326298766675456952118736085839189
38964937842520638936757356456396055431
261981486772868586172896124320459853961
55425044377424569106887821417787964084
222322140569487598413953277813214175538
61982845082419003370712003349715357331
28575205144827096601585269599325805973
41275701199098783401750507363556185312
336765386047526798851696735809173536879
6833076950208108773124542790805019817
239933352002272574691981355838480253828
15040929582899275456998392474865827078
91347632463180305847694437395160710408
39034855052438978060233776952052605229
199800375357360547783525326201524160230
39549505835816785893232230726540337988
267839073431921886323859416089277580395
37210429491896100723941977605668398487
275245167296242472993560281365357811545
57450181151453374396844826556573108637
51991070027441080445261010993676280208
45769299710951530579909180275423546174
222198949179533064643992672511389671742
42861323489565448537892295638908919034
308663450418083816157503478911043931424
62178924806422068038974942007325726134
247472991312671799557988969184656251089
41727969005081664883201630743223693283
309736729800487541485062331502138100880
54069123944115100909530339355841993815
275252407203656856885034529633337265654
3132941427766779702902988702514063003
53807439816522723424692031741558593619
4812336422724331679910719858587711768
134824567131744873059572961065369468885
48095777160331129009140439475848344949
200280976051921299157347081057155579201
34673748368240796888151019713162104770
22651250190017712162588898893053950131
288438142224432495335677962712792309
228545246038522756073883430608063200878
24775850341497006506874671474301113202
304587520889855065847352663491475172517
21362927262607970901255341889766632275
82756282460252763628694790274743575171
46012292008061325390905225629636111310
330415976184773340980846511832754446340
8789428527021583812163297889145578309
289923014080012864953941682217882416210
26228149428349273431726611664939007569
110672234470433543925897637015906089709
16942814865778843218589133967774390354
47392755968020790703841125525612769012
1870109575258352870898492877074179935
161935470283273247344885666957998124505
58288646670166603833570672590628128162
198235189889004005076797199174722392167
54081316346837059586718119322137437076
316598969419227853299571550009612735330
48161839900075932353416332104633450640
147938476220992982706684933906971674281
54542565365281598038543691911788466342
278340850869304626850122540865960682405
57106650609759186336115253905830283483
66974781502255677918056906421683450542
57718368774941575763215744700144851641
108326395959496850315479438363606584943
3312059050628616355712210917766680798
78093043900969894878820381080639264912
26148613828780697525452373718454622468
25341441257379414457981264420556923776
38029501918659814707485077214727809956
102233846650511885565580781531027685641
43540487398507565750732573147264018720
6121970384856955945266134081113835439
53212648395523366228956216665733615685
216446482020426600636980789111921628043
44343747675130264963362004437566666888
296103008101038532288183349342519842871
12728118313386936909224506241937511857
92145296207609366115037391776731925005
50216062886354680436214294871265503768
315943402935916810468666021375976850276
43357363763099884792832490057266564096
31224715941913573325694015901404420236
32170837141158870155340825609277434447
293416988511881453033816502540669010648
51570878305597398896230003239691868335
287977644010237864627086578804847113776
16700110704358153125208455403564660775
329776518240900115534119492895374854131
9097730945421411067072733715657158547
201478795527194968837106413600470191025
31878626825369592525410407874464372662
44406580643244378873419966116354746046
49007031134652476580996030240328224025
279951307216743686435964716726225100740
46285248702611184523800847113149050884
245497058760130646296734406415447463346
28706568189752741350120707065204435942
317694188942739619873678730492816257388
4984718543788404785907372426802180273
181901862646872510449728179404531604269
29137351605282827338018513953929178795
260120851473642713980026267539388199054
36582096422629972550867759440467665390
90013087683658835393965726976258626861
28695644594728238661679278656821773756
291578661194651461250854840398553967976
22653707643901237181819983684508208969
245443744025301713819947747928317365626
21157456890631282687871413577632265292
267488561894449144731756160027139297888
50584595241461505778484881824496108762
311461164240048894280783540049614595278
24248517778097400032630776845263836386
263738038366259318265146802332190554750
49432973033795282820997601065906406261
330347615435119505705873743360060420328
21960543806640324741815568243641816185
259291594913238243706637192588843548521
40304140517231476529170889847163640664
90876013156139675259033812671752267600
52286196448990624490805103830890039076
317201760158465655049891267949246921826
51161127670326461660140133392366259667
41
192488014359505142067501465949176616659
46838657523041618658367270917084066710
112585297712363997690284144394550789155
27504880719640428639266462248160380311
287026030337131242178558987141982405783
4317153604410212681967424912310450960
142785628702688579324923695421114059714
52662574778111474430430618496557368276
103350361432700560047437955525915467598
19279767112046246925408635356637103429
58443945723505500894790737966825221877
26588122492940016147728879219731682321
296178520003307958586883825873335490764
51107980807184462551979619785991465850
339549228357536393848226898275270602130
49429810792231961053572902481202541325
75955432405851783440264747468150361292
2716092592132053491425090418456088106
252084362172685418139830970039852076622
52052866363516406433042337207211665881
4083916600357373659527972049154943269
16631103261161924092924792636351157157
141749070411161312651142457554238129905
5122384302599072770322315110251703589
132302036586924067435536850011846646879
22446458802610892482560803163917373440
218663256494689462469671969808644897787
2743568592024109322033142490301801646
109479707642226578807441641677844381995
21457554551677895817397166393562674388
89854437328787749953810333302715336912
32829183977130373695038765310237205240
192513207511034934628668339769222976954
35936543069713357201241688113220783251
319081164698420889099053361908666137578
43441393879491957343860495862970965707
36366992925163799052270714446097626411
48036500285043935349919034852174625476
316560273846385181894130352297395751654
56101725426122642850271680594098484036
132202887818803717194759530256131127691
60243105513777480119409498812228318359
107508338676929250867459232265155592383
37424874636657829686857756815644162420
37663151577793538132215740200681526290
39993337777159060451200092297088221399
119280975642571904368160142418351094334
38171209813927952257675999714529060494
149734072638473354206063567997321249031
42754796891791909933686266482709031696
4202380689849354622726628178755568914
49244807330433123128742446289792299393
81046649026322628159528430805485900167
22655698037687344388758372555597566844
29272150625817979714025676969518430783
25248920375394310210601899852207648400
338928965493100251838115288488253000712
53896413069465897735809533845155997131
45554801373397944226135996914849636534
26216630922588375738064947510669344679
191961764980639905352578011834225364223
322288333087595600162325916052044160
68942550211860912475649923223774791048
8240781590081337237736775951894380934
123549377898896237670709918546103478485
5621616962014817906147797143879192113
208699581995594944023374801444242085207
61363180883648049526255981074477998136
311773996957916898808863617655526736922
56190597906091455463348026685027898613
189723774075180220668919538623518931466
41786909817249589211679850552444072672
243551187736990534522654588606284437071
49669655009477938874237557675588985759
318532869830371755185046370944273425790
9140713638103469653171131885398282846
337535338330084351359181293523368698479
23539596233597374345260939930009684923
236466699339477617650627417074119129849
5948518220102258555594253046400942009
87897303560477860036017429617970569348
55827916717947119240230193800562415079
128795867032454478054609515993164555639
61605706684190509591034140153978879071
99358763080696662969441156916914499550
14824939115340030186905020269500303281
140653532469210702787431756846591859801
13390997234930643905421092957368459516
235002978762109862550798159784502615559
45015542208650542338775600899157285041
12
47907022047270042253637526420738527312
24535942871449956528471035895792774325
334325202370121933742556902200354468748
46448119948526035686577321302555626388
52373919588225700554676748539784522141
15659030596377745654144531293429087686
304803848271313682660311530987181574564
64257862212968881309502645464455396381
235412485236204162618881682820815408123
9242729161906334719948308297904822606
230145957342747778051533467970926108166
13397197717771422215303343052126601446
162447580465145980962577646335628960267
46798703744725701547373257414791049135
192735905356042545786565683427040684762
19371219969155274028351256092304645503
97947498969159097529515885374573741804
19313604162821252325726424560900818185
76519451402746565754104178246774263705
13243719331718847166272229214005499738
137057430781449904494058721889771555510
55133283434234837808185903047148937656
163293299208407163921025568219733879873
7374093905578356500415600605166877736
204006380793482920007554041393842352372
32877160253991579833136214100074640119
74442145303225342152800829642067423906
26754677941174104170046545664953108887
281438011813814852555806160752914277346
53328563351878543245773756915857907821
135742762837803529488014689059467376014
44885143414599051776262452188959965148
5351535475522605897185588921454505283
979106707182779346963640937068430275
138836676298681873401108691594615693670
63614269298639740982402047614965007307
291610790150179677170653365650018898720
32164601405983429811576909776793276023
141194090675686804340142575754038384128
25904713266157712279657107683682370194
239936025247809911438584994476309075920
36670686242042732477485546856938694261
135170721267482543745588804833224550114
49728986518643625545925443496530496763
255906615106437955112970189934541840194
33207510337980322875157301481744828730
211273790207463116571861089231946562968
22080151134567037106106706398870945894
13
108667781229469848069443451410447133031
36452600263875765795659145416358906755
78791119359427096904650335894094397438
9223749182000213685469158123938475284
210270514338394107779804135474302681398
60877948120783916418895767702086778190
91483161661107093438641837307889398674
233212212406785092294417002899536413
134987562763367611021674609745808632657
4333896673020914011227920114297139408
46034467233922058472658550174788727064
37394149129091563678735513383554963702
281676922863410483598091410406181439760
19278143226888977818458938772108706381
80429087929081507412597755059444352968
63081232321569117826684583561417356422
132780789286756458441832776793498780966
17317413819600693225558762650985076511
254845201709501496977029248705420374745
1014908810359870775722701742290303880
293119117089019008414419452158805793367
10259197491006143576828163804495894839
330040479396868345791491442294584217301
4848744297070675017151943897669030103
210776199655995129020468791109112167319
20058253881475241197951603573921342531
4
147978220948694380956608214330999549319
28771688906443396622394069471069906224
65208055176726092098551749392408250621
25425515733513325176311272562635898263
70322815887845789421564201555221431649
57193787087542601075677349767148684518
327406705089271507107438213697811537724
33235779558788292065450036658937027939
276442092638455983426000823098191355416
35380381596525705606812728758593600210
312270617212017471679374426244643062235
42215635650442130391502720110753642408
18052501115654098440854288378654425267
48434045921686874096790468136229237977
128476814393236868043529966971812650344
60357114612955670208911214108966027851
648
59663669216609852910263131865
61721717434592898929928843705
462747743088369127
0
37501802179606961681127808916
76929791362119292555110765628
1940140735360081021
0
6843220014671304171
2183552642224684220
340282366920938463473806835046671428017
340282366920938463467023144463560024368
18960787587707767034505437543
39050466755346774809148487323
443448609999861915
0
11537003397323838824130360147
51912236813197843832496469739
2004911779221007534
0
340282366920938463463854685957053682476
7395466506641227163
340282366920938463467545314339827850897
340282366920938463471022444242548582937
47894067811752314092291059359
26966712131502594847266812950
1878246087542923504
0
74786413887571199801797084786
26006836331326057548043209244
2183891271769954444
0
10190350778823861463
7458644410849246182
340282366920938463466639015442198975627
340282366920938463463962520075602868877
64503745145368446500937677854
7938369910824888590666608176
1931362805933735983
0
73912816550722721634483377452
55622432805067126673306311447
497100827363900158
0
340282366920938463469621086393310041524
4700053912981799573
2206380946890728943
5835123624853684524
57581878581123456838371509036
3266104313208091022685565412
1605730616560862758
0
10853804192254618321679378286
51780212294584182429464329456
1380749049715194473
0
280065644135547723
340282366920938463467445441340744466213
340282366920938463472699320212022775544
340282366920938463476270009285401818982
75556895212724545284420440215
14086114845816472828894568004
1085676809357662482
0
54178532654481151299553515085
56881244201061071676707619068
2638428732392303123
0
166223868138948119
340282366920938463463720413352816077795
6442063298957711676
9228881428931472038
49120621210528180708334300328
2994086055786994867226026420
2995863276780811848
0
15362692247197860018162191992
54393108722123896748316050770
776181065506664051
0
5810412054981523990
12407485626470911861
340282366920938463468061738472561472025
340282366920938463464939870066554603963
39127056649015892610601185398
69137870959484483884607872856
717699853800743323
0
2004443134355889191096224992
13207644117250319175936393387
3194558347892554650
0
3141856868134965771
340282366920938463468474369026618547642
340282366920938463464175844205889392294
340282366920938463464306219203773866389
12110535104670694690637347033
78311007641578669942185014149
1004505041212748544
0
49833511435804127995886969571
46265621716246905803246115107
2230314289998874737
0
9065090159699833122
340282366920938463463406106310680899462
340282366920938463465187121774988522881
340282366920938463468332652155731074235
16717390160258236088491424062
4692622849867153584343921895
1296309342135109102
0
26506390602630160120895780217
41040808978042176467094344914
220695122674324624
0
2275849330150527589
4192324931677245782
340282366920938463468026969184458016033
340282366920938463469933440782090609235
69911014733442385084002329515
27660521689902407487229828025
1531885661936997105
0
42223740894086329263031435714
14155216677236017376127444073
3469893180081741128
0
340282366920938463469815482624320312591
340282366920938463475469038881450763664
2809518202471511282
340282366920938463464495639707000064900
67333648319608725728404117471
1648020763412150247268127928
2305297234846078269
0
35071723382394524690574706265
53117119806212949127069011513
2367175407278333286
0
340282366920938463465914248959583715109
2241508451544582392
340282366920938463470101550611412068553
340282366920938463465487466034891691007
62277433167403384163765906437
1938019494225371869906328090
3080018873365667675
0
49989309212982138669689255365
45998548478352638470571128885
1474836039152774225
0
10901227578865713958
6073260654988613710
11325710051711948199
10833611157545032537
5936611062112792961386955843
63310801526323951174919213368
2737394195755461173
0
11377600398141786786058937861
56160223119871509878145791714
732068775554353400
0
340282366920938463469167798083175434824
3760711346728801507
1053208742692053663
2259610029195875022
18941747157956012823941019523
6566788869359660859463450757
1434761050464237047
0
22898898256215990163057319184
54113195427656315198767612895
631527106878753332
0
8180692451632401373
10213282566028253865
13315610934848978288
800702675302585673
47307082011949033957885893712
6004273645172754910693129992
741066684320460149
0
33360180304095199528462739182
52175676300591598587977078908
3242460356209636882
0
340282366920938463470737298038758326467
340282366920938463465918653532193110520
10776770052396106837
6518162411400595240
36293509167833358064798774759
68918797363865452286114917669
2301339725768523155
0
3319134775117504992739369688
66591444810629280589302932921
1193162083369655957
0
340282366920938463464053994152785391451
340282366920938463472008199094316770980
6142505650631422452
4098107739634775476
75013197137422217055218900143
13348836259354599564673296294
1191478197175467960
0
58927900860126219840949769197
38701715563826673692984827312
770939905199579121
0
6807615319603362208
3569763746622065943
3600906943018097678
7856493602305912767
3124440623504867574149214929
60489615544628293466858762763
327751052191145101
0
76400319244146159029856800542
31635112549947955909484176387
928793536112309419
0
340282366920938463474950536690922237950
340282366920938463475696697217384658604
340282366920938463468894782477962905686
340282366920938463467467992318522130215
8172785820752492158782408879
824279480197019737787139365
1758467665182754982
0
64780917686063623724010622272
13438400799044552822951140549
3344999463957696393
0
340282366920938463465156190423702943773
340282366920938463465692738478241200557
4945773060860058510
10388808340286820521
7907619315775233327024529803
16031295951248460707404291701
2020162323613081113
0
60661849419263210394181338380
28559435635329589578832851770
898536856601315663
0
132070880506466281
251447488092390362
6637928977110960476
5337565677323151834
46380949676838432870505198340
52102615460974348778931230058
1570896324383863426
0
41255954958847828967290226955
68720338285033425125011046064
1870130698396193472
0
340282366920938463471574848692235465026
340282366920938463473502026353397455863
340282366920938463463430346555941329534
340282366920938463464851530258241128582
31036720266640050315402724966
15034376196406156712708193550
3384476078065484949
0
29140870269273711004828008312
56118135407853020710830954701
2889418634878762513
0
340282366920938463467370471371120408247
340282366920938463469091862715312276008
7858438988665419118
13612496023514077579
24268641582105926813816045569
31970260644790857903524136865
3456224204629981817
0
20639454088570821353407167970
31036064724101792001358314463
2415698501528208906
0
13961417556501671878
7899946230531644776
2051137169485924948
4631255416971955633
74013156846523799897568803939
75490433866306898394326500127
2039736512957749598
0
5294999237020428499473228352
32056824980409355185141245552
1456595836052976828
0
10089878201160458115
11722417134793628292
340282366920938463464781773275223756798
340282366920938463463475956902691795156
27262557033710264595649650827
13801969993560519242426247980
812768696763717520
0
4890989403726980378130717315
41133069032087814268711606310
932288077724824708
0
340282366920938463463731376008005451785
340282366920938463469905982940175642328
7053647153057940174
8934777800989154902
64306208658506797708648788901
62188696357505596765541416442
49649971674796307
0
51035046347455335197528549371
52080457534836988921349595469
1286271668795421006
0
340282366920938463468470191637556811581
6592092461892916057
1774381779366869809
340282366920938463467892236447967323128
71211685287536263867589418879
77971745885759093805463181234
1942629516561869751
0
34366505419003705333023301236
69579880220054495755623238748
877654393551713980
0
10786888986976637747
1120825746236360729
1903808374412655439
186100427123138462
21860721370388693436735380408
76453666006664973343483532980
273251394941205367
0
70075728316460691266606618204
19242522088671566504762552393
2352077653019150690
0
9180443294546965948
340282366920938463463761398551668806755
2449555835240225309
3422667936616104479
13898493966205954111658932521
63402026827797394898002154031
363470243906407808
0
7385742911816642790540902537
42073232800188436435246250979
15077263987447338
0
4512600425931027693
3237613754591367534
2483126221936970437
9466325743520790573
41631550060978447293453131616
17298901281988988819647283198
3236624447581714372
0
1240392235302291144738645432
29647254198054443311096629436
814811364971289457
0
10207999967284548259
3603223735360117096
340282366920938463470139196868168825725
340282366920938463470512369928883080232
30136669650313675086069906369
25564321275293200461712103899
243116373060323585
0
72829423785365511397691242530
40663261704900931076917128777
1225665232236895644
0
7636511689062742581
340282366920938463469159416436427767526
340282366920938463466027714183951094426
340282366920938463465637578649250711602
69478758615132935452177933060
3286518136495874484717277098
313863416128074332
0
61274391862086493139582737382
7727973658377054798456968066
813551303468385385
0
2785913771247255342
1788854075326198071
340282366920938463467883163037391520817
340282366920938463471658221700630627717
2886664038154942644413280836
15195803328452007145122670230
247303760996242251
0
5022220709642941451762498803
43332212277153024820344488260
2257096646733633746
0
340282366920938463465945054708825204534
4618021728769494150
340282366920938463469298460163965851963
340282366920938463468632973600665771828
45674437554734339048585498302
28791367389426343910235950347
3336622346650245319
0
64913202430548581848349395130
64438578832467746103040309164
2625503412845661679
0
3228369592038327683
4550548337326033233
4723467822602408812
176726883858415239
59607256907135024899648982672
11379448807191863687658586483
1375155033405745257
0
26524598718068079113507231225
52685073419752045834785544692
3046301140490346180
0
340282366920938463468726581183258133263
340282366920938463470851868638665647764
8462164014560693006
2966025142911576522
38960817673259095607891088893
11266220948550478095395230857
632891243149088202
0
21902284580514194215469921844
25737460412123124227185409642
26730090485544719
0
340282366920938463464874142257462160768
877989262326111102
9972384815979090844
12349656453350975031
75222236447100640400505492383
50939338846735116461105124381
3239379622774591009
0
22309085575455931306280626733
62118121979775610874813915709
3159905553202010868
0
340282366920938463467830993530680901085
340282366920938463463809097601329754483
340282366920938463469427008575571865480
340282366920938463471174082745719863014
12426750825394253766057198725
37497016151005729796090416550
646550658977522801
0
32723813490608047369484893013
44003571837249792836927622115
1044233059994458659
0
1093562404109194913
340282366920938463463600697492203854536
256912498753026093
340282366920938463469715853507653902251
61170835058940298005652797282
77892920276089438398587640398
2115113783538997510
0
27932682092984510620650861832
56565752037922788281033980697
2622351639405765684
0
6699782063726461099
340282366920938463465968741545422135833
340282366920938463468687044741384899603
340282366920938463464582240935674373275
51100039043914552063735766934
61883725262751917163438895869
2744013666195912429
0
65586218904230438081708183055
28495955537212265347664006774
2606348328809623198
0
340282366920938463469057781148159835475
340282366920938463468248749049500256083
340282366920938463469973276909606567822
340282366920938463472463036057980718839
71655716056125503771774374545
28529262135259021697789123943
818637548635716461
0
78074914914722757522658062621
74179932225441635423824193745
2039441765770933280
0
340282366920938463473479249537366020158
340282366920938463470562795428500452530
4716559435304123671
7020752706753768010
58054005739086819948723240914
12648701502790893836308353861
3430103802711951477
0
30838158843056205748720763731
23881873744829898464629773644
2960242355712808736
0
2678519555169700781
340282366920938463467166641788695479281
1808438322991808219
340282366920938463471816597043736947924
25977962134414350987387691918
48715475040065321434877780171
3067430413086388201
0
8715202436084929544995756138
48170655572348806350266802013
1973020046577401135
0
7466303746196219616
8172589265061929895
340282366920938463465332731918186080487
340282366920938463465753842342216491574
13982564663433846381453712697
40250680264670366226395832133
1799197208409487253
0
14994179510301313858674024114
13894334384590532565442722078
512784776866484651
0
75414448207379079
340282366920938463474563805771138688662
340282366920938463468546823138831005035
340282366920938463466641674956181744011
3976633524470971628135961925
42647123362078696972342223119
2928498595266665473
0
41684716762967485979865232537
44814874262873536013103892078
3301774268352873155
0
340282366920938463463630543070819467427
4983629334448239290
340282366920938463470248521395868112447
5570496555280155752
25742216599425867875401836127
21770883673113226056508187194
980962153968255474
0
60359278912821412987691715824
57250926057237372664593613215
2521502303780009774
0
340282366920938463475973864429854930992
340282366920938463471203644157182157193
340282366920938463466862534496047177032
340282366920938463463972665705413073284
54132161114542012330717000514
35357704367300450314254546756
2445379359210565003
0
29699035206336999870223176011
49137095795182659207892918446
926528997637063789
0
3211045343156738202
4776132276673040069
340282366920938463469330733909297329135
763710280698850573
8519546654885358864878366824
65934318296864574283165483991
950862310463212653
0
9140773273936722876897100971
41046389113654200079061964740
2156973983434844834
0
340282366920938463470559148551081665231
340282366920938463465134790375197831571
8973198914375892480
12605826444346162298
6205084057848305795628314879
47467155258343070485281745551
3221518837251048924
0
37569063905709904736115393712
52895998336418162477933113073
39392639633899303
0
340282366920938463469718757744295055549
340282366920938463465451139060820387964
9256149283224767346
629829598963838049
72966168406750939150687186147
54629696623042494549344002600
82916616323425572
0
35039774416628362509545817013
4414382779901065500205490161
1295496617928814885
0
5030575921735247850
340282366920938463463689959240745886143
10331275374015871655
8970149079793489028
13885945413310095640371203098
70014149873707046489028820271
691989513278338714
0
61221038532311628110581482648
54991667709447731024162296937
1238115436553384956
0
340282366920938463464225329769022940445
340282366920938463467980897308404186762
340282366920938463472392318726201528178
340282366920938463465472499217716764376
68736770583617565835727721460
31697241964294296456473206149
1894659632975973357
0
33151684785066505600996527599
29170653633052406333651789766
3062609471514193522
0
340282366920938463464034558768807034851
5604916463026633450
2512764093657088760
340282366920938463466660505664486289187
51601464269725557511214175542
5458387940698389839570797343
3165293075999355742
0
19711630663897530364368605421
65315433273126538679663179888
663778564478999819
0
340282366920938463467154483072022102567
340282366920938463473234432601689035143
340282366920938463465523793945386871059
6026226913014038583
68826647590221726635633720436
32341914889643953171603192891
2856955098839753567
8875553939812987999181501506
17156530418595265116531583217
110846385144224995
48681562108587048197307720780
70745184905019385012103521355
2280283027889709690
68008461698855215884268784660
6363825358672939873795525108
3060247557908333085
14583492242588596339752116184
31517231623521037865066334073
354085380985573981
2982560139658399811546970962
9797579800740183469211748989
920046392036891755
33575675854385689655991526042
44602007801626641049511600166
3045883016619951087
12947990398339065861561944899
60248794022494562652932782218
1833585481821363928
66941323368867836286706320132
45405937197188331131851509731
3062586161731345216
8981080370015510247254844041
68467412719782233865144068184
2401141516583741922
32981464975184688661814523287
30948985441796510643001357147
197449996910568952
62946521239075752738410410338
75978514180983325485588888154
533982849790485268
74707716264983546421812311857
55061547535067278830291279738
2066577112098120461
22381571065372433621677356615
3177336769104235696257270049
218041370625465839
42575632849783312433271295309
11153017061698906590437893408
1665685069354599444
24263987804578364564877670960
10525762943149551159946724132
2344776637966976345
68119888198362484003108377297
24490674563159036694224434413
2493422695737453542
3756202593184934304952852320
43764383105948552494589582692
1163699674616656211
47911583673717070880148486595
47350772826752471270242851826
3306437067632916655
5842479855018682151410020767
29497137256099896565244033647
1690178673003414201
23182099550465784601829896754
23528418268802168884899844301
669449642571356766
44294410446959800448605988162
67100534519537318255669352679
2461326882124741765
46764804537010910232068365085
45897643727820627851972026321
475391578245067645
43321432503772054026608218027
1265496512612383359561756743
1722906741394336170
0
0
0
0
0
0
35717919122505863182793101258
38321232967395819819318928199
33653293845735846
0
0
0
0
0
0
60126610212574038899502857656
7521540037295293717633716927
2853604986499631260
34
70306218389954563631478026411
17251587555592591516647846150
1441081754040956306
66201574680099117987860728970
36655924646012061036030447098
272519350849706538
14611225220504263056451087128
6159967705826855209400543425
3262482564637590128
1183896687921745488779034815
8952487979769335841598659463
3014125082092782417
23666653791543468897711238529
35938992585622669685079202479
1434949409282518482
42129743676114353207068361432
28214676245830242174957673750
2997093900070011384
39353627738413012182867379871
16999695708863104792755946266
2774192087121111674
65545549268956245425765494583
16592739048284036202524863296
355698017714584028
63632789032339344072919084140
75221353377213235541622149904
2912841323515646576
14968698265965125242480631259
27326322479237231382957772829
940458372919272505
17811963903368359956983296861
57073305370182232554530593307
2579135241696588228
67695265203741277031528439786
19863276319589716135874537161
287123120375966747
67600210894407908963337384447
58131645553757856087313617934
1038269695481312336
57179982158303187853001889568
53814222315733158013922915808
3460580847004787747
11218069711402362628320961205
27015745401225676842194070201
3332520483278201890
57400389982994479482878241385
64078061827593818042301127951
570923766679177618
54669114617570522156026165081
16766476098810366985946947167
253848925506199295
77566171662329989086871398218
65020737990192770406788188
256070318741217951
70232344785068996169174577443
72056013190187718048987449523
15221078635785160
43088708592685871230213783148
46503555138873373679101868179
3452332320448319679
15447175763714912455915557160
28157625033825777222150030901
396837160514656092
52315302703488013070818624191
75790537170920716776453214583
2114502188707738845
17057580852414423273940880643
71201373608410763947556072454
3289431113766896983
32673137484429099629003485499
61880323368185115674249843280
3467341991228483930
77163872500067579765979986489
27935798866149440672737926093
641086833224084887
38145952849652730680076609620
12305596863694567728386834215
953206984477662422
69259175509397302768250960905
20217824809356407483814812760
447386743980293939
52691824906528353191985478236
54552354252996941565516258129
1012011317213369370
63678024031541017076745757130
13228455104050210628253561221
3113378659335336259
42062344359911037603063699740
45840190637595943459978115495
2010084778571392643
22271058294670086660132994086
67883214043661211772430775474
2698770983145729268
33055142101498210991118635484
51740283236829350014699387856
1935977473476425621
7947213553007868534004177875
3627855126756197665994247758
1322153578321448106
53492552122812924857929892049
19005569007056563449754760315
3409539167693927678
68487547673531110901973931043
49034552164258595000272685364
2098651723007852398
58382649443387452232295343784
52957753980804415129446573961
657219012125618212
61827021619397952456886448557
21084742366537660618798329088
3128275312082343152
265126886480496714154233975
55116578435421127985222477271
804564134867884660
72777164709408423953116983798
51344799778356732137485904113
1930547990002377965
71634066115547840149282249606
22879235805998623133354141118
3076255701593596514
46436063693000124300675572194
50133734082105868175315295729
145043677089003468
26048354012966573803280617419
77968396797005277615177624394
1794018112913823711
52424631384237301889503035394
4217731280761747489352027201
1754385158302662555
52392204523875381467335476357
8700573858978753414787688130
726146669650627355
13961446761743423487299082960
589809673539484852566319449
2612431414841068844
67220737602191776578428690515
72898325840133318356558891478
133718227174859177
35714934814560107179457474262
56852277027869555263437058371
1256998963565871423
72728415548005497686923731069
46793756728637849372768462248
1025439105503574816
74759880527940757594122030309
65633471138271367437066273298
684898802433825638
33231555118094254536053189527
17890124465316871372435878396
2120517815321061942
6491954170107847554794748783
38056515957288505943674104792
2900014970999837050
6074877262721227084856936919
66393406108815330352996103407
279428299406461402
25903038050230054853670882949
10181930202610875565344892832
3079415386419886461
50945162651433053936212526678
40061228912787962927952549731
102550818233646996
7374371272993398983385375967
24687429812314971746283929860
2413722079922595844
64348756742132651939845661889
46275234856449217425962969903
2003162773352627591
11332649751218041125621819576
31988766956350624403758983377
3072815884130230046
23899128233042767433214999079
18719646088237618386192845052
2186231593806430400
68886066911331754356135961508
12455545258016066934416315392
2547163645152510816
9749714263368578111631460809
54242753260801070467421950993
1553068311884832904
6777072005228344862283728660
32296098023345315904395650117
2973995011680183178
6940931248092798349853596583
65116128792401987220245606156
504623780930762467
30918073461065223658785753637
27513808192055635627010885540
2728433236473140750
17126027589562990619198392635
36270335489035424674048687713
2222656396488463579
4772812242169941017345130096
50092495102097998014367322808
692411266965588697
44322066520941232169187840648
15326946099607679338558417985
19704758229197062
51099322505329883130480618853
25383425133944245599698670257
1296210303578889219
57198301729588994474995066225
18757695681029331845951665308
2531644739015939298
1620620288176608440761028578
52172625003515532631385422144
3085474277908164021
44601509489358014796266110545
49308249448987958902945632985
2363156721790403910
4876862961273873896415964525
25460698777567840238491370020
1987209985954289825
44220411752085238860328329588
78961706968373523676496018195
1799939797225919023
73000737492189900160407711573
58182668252090875635421615553
1035330994319362520
23908105090150715428868337829
27767704967484944491394170714
3433794599555248162
1672196413427551278107729173
2479755437636942364330627051
2040024488400373661
9291959027411566368972802082
76133126059471602729351163304
2624943418898869137
43136774799210376691054656071
55854813437561371831138046827
973159511888488257
3293348466880897790117444652
51325955542722294274321602645
720375442868066378
23853429205683252357064029420
5833151112086359771091766372
2102175215925587906
6196642735000073570694534881
15406210755799236651474139910
721722866634982864
52465651360526472313688692912
63737124362617077416769334120
1516314768229918890
38430060768021234493377624542
20033957973192669962435290729
1862833895337044776
12968511994001797820402329505
57654605504657553701217968207
2740252321697434106
64505931842445677903635801782
44061624895425385230339659977
51993605435247425
29559974117686829585502999068
34345732430628197002083460295
542996928504425707
13095354534758514048460928591
58628039215908662416946830567
1026791466646006651
60147060287884067275526751709
35621129660780097013882676684
201225760182625256
6613501718972895693491018613
62568080813167184797463630540
2767747822290834304
69660320753980981684712107222
25835373479767026045093906474
1698154336122575738
64600893260114333038509412771
15244006962498610920925607412
2651112009425721945
2378531419642348411079517989
35029497527608907254110041245
434131281365994537
26968960181553025760303768641
52962013470837726931840248818
1102278778969726936
18570974669561054019154985790
33848076354723485166388066006
1221013300808522260
58533944812301566456408037061
1667846084913993221447441069
751207255178407945
3793943720259006291313399487
28977742129526301908381623558
3060521020406928532
67089475232601523035385897078
5798580628154578057824493352
3418552603598009250
5667681658904568977828169894
45599651194790773958208314607
1335066579642037147
47813922387281745808104648169
10670038403057726089912451318
1398909527586875671
20175143864342909082051817143
21056284144832995649834491778
2609639667960302888
61374477603997255216561326096
69467422841921151862676886158
200385067782733434
59302431788847739245897919539
14024581697223093022766425944
2531827090820571456
64788420361067921877450351384
38293390444867039818720263001
2880988231083797895
35199704575617020985788781932
68169799353808721362366477078
2883972381160633275
78170817733541967679581617063
696989221187260435877493205
2975569006342459022
39797786578452603696401714247
16792109803498634203323547796
337982435691447260
17959620013370179447764074747
72761475672901678761795301350
1400685138552645450
6140330502110791582659537080
30201000580304753976323387302
1167834811731320020
40749879195850122817241468569
26122175314427956070605326765
2500474196760627360
27492888692735848905306280306
49436579676902530287079926377
2410834121094412645
21883165583641662822684261176
34749639483782331432016858059
1489029121775545473
75101594099064167597578748068
59641795402234769472407388857
1126497978328508084
43623591471132861720416118779
72863571648755434184980632320
284700862179574128
35011595058125998999529181086
76511140433168504717847597643
2823767238061896960
23869489643818946562290245691
18031789840503726701476528896
2566840893769599831
36015015533141361127450667523
38034302205439616064506719233
65260084916226796
16574645177317045906669246461
78477043792118390776029300799
628324270011542965
19915864751366982796807421697
56025554432663574895314026043
686673666230346009
25657780830198518419813057282
23470395849832360032929999367
3225268814186857588
2620408479639887273645917023
47111958888706223695648248206
1238085817283782357
3910267896903441556094516330
52497412854273391359884678044
221816227434579611
2110476292747396490102968523
19880886439087325867050980839
2726662843687246061
72954679992257171095592774181
20850401029538369491907196179
2468239164002378371
69189133992056381889398435317
30166943167901259601612895570
199700506869974892
32568948939607487427722130194
44291981746532327787647181010
1048243144816047534
67670363696905613960196582933
48135723296666334855623611560
3474910249326104590
34453304669720980645927870124
76416082531892991114617134428
1257125627318715641
33168510472663001545351114729
46522077073642626832953621646
1142815327288495882
26510019981663041871481764476
50680005130527323641311270864
807226003663638191
38215486524488199345670484146
42080076753222649256183212776
1948168291315543287
55255948709185752904084441109
43789449382751651286112950867
1797046427195090783
25714042540236373091302783622
43296318228757323963850720113
1462949426411274667
74432834794185656884704342940
57788355368004869414444536306
1288964177043019395
35233157813101675049913150876
33518009380021631046576022000
1973228154466191104
10569354656143100042021691352
15853951692277461976890496021
1182780113849931021
12472059636734053141923697960
48650348263036490661076589669
1116521281619595459
56198446836241180383016978648
44524985266481338155412662833
1932461406529833548
37537587792257574224594566472
74129024229495282475476876222
654219634584675003
51511145885241162617353120919
43304168275347760199416786896
48637265798948555
30077904393690324927177869990
47536726174804689283658199195
1831648154298399255
33255592563199483966058623650
48520680361670140091709250984
2595303756300112870
23310431686920883014764977298
78805927229693883930217650768
230401668149478892
9698529274969060132152418759
69567194119359164530515869111
2210197476798082703
1073497085969883124840382856
40279004541668781009051009978
868854281339073839
54412975056536627075061378392
70846271492122951901105740797
3309438564049867162
51512241553610885638934688455
32111608406912974092633958585
2603058290371573839
27902018076380669455710025375
12473498970181611614178999221
238675754974727693
45430022209081951837276880358
40896588436932621695826445184
1982152253319536020
22125035793139271790198334087
8063460565735367774812818895
2996778941830159426
57312245200012557963183516164
2275299736369888518884512586
2317905962172810161
65668656896946486051492071939
56463583994779996749192168153
663757976148081773
2108884525016033550445393614
38371746277169441535144439472
2550087032101338236
1074328218040692287629889906
54872376705025388663775742125
709958025600595053
43559621947002511920997161273
48938152437483648747423414989
3028137457063521833
32929098151879414739519093661
55627560733482925708317211136
865507518744783242
26214845085481333490687865516
79153588225297645250832489147
3187831813690682437
33097086238101467603364627950
59994192595709176338403546291
486770085729480869
16572830430981144391097448103
61124603244628017032989984648
2093968872859680570
736197711159068446061341429
25423545836235537241961857473
3454745960249312242
38273986938675577542837934478
245576676787725392116437528
2186546964588174069
40306679873600364828805695041
41674793954210349528497248488
2074194648509430492
41933509004094812127363198162
64525247298402160042072667677
405569646412730451
20031603590565525159823390885
15809549731223588901650465962
2129369506403069427
76720787141350411308620224173
36381579962312015387338883638
438283697910374142
44365656216852525975643912450
43603637645040991803134409560
3242962752573779004
72274235394877826314627121852
57843124719834508928185602634
268917539709623791
29522251371564881067224113216
60008748350229970585705263607
2423161615571960321
61527477904157345837809404568
24281978230275814857333970401
2234843284563706991
3735020752720197453570423062
57531141083721270808574358709
2209170211476428241
66900003935789302542605606223
45071566096025631193152602275
3037201098313054906
71952622674713590833042305706
15955134816372289953882464347
502972630657750771
27646978752809654389384559539
55080968460473378332272027407
626396887732395198
15383808336399703967796972313
22207163099131430882626238889
496352735287490605
12081689565578594811106012297
7191678831724808719315793298
1148038862751872748
10216365881792426625387352155
36880276888022560516045918780
1635985415500557252
72015196108254721928022854135
29036274446821284088264311676
1838199146916676770
3553300173787035114678589158
46954422556313310695220724069
2104251917079734759
46019285828875565166604349301
72143657682129940213834120000
1679698033660489383
14760862062161750393872933890
2054988074723407163208463368
3139317518448296044
19593959589536308688356111434
22233317388082817069683591989
1626049468501190799
73175666288490745862234038656
77124018332854960627243983576
1468400981620931453
37753062472729171118556479408
3261288420534375645932020688
849811174556335996
25933671697472874050221482955
28811115535103284356842187259
3013858973167726392
78919305102433316085979351999
30673278268839822115970371505
163756958686624213
61982337113550635705449719469
33159642274248413855347743291
2136345968529052933
33504797148242741765833121606
60400571771352116160050856798
1653174553979750189
27992470271221892154875224933
22884139080349135161323199986
1013443224166087454
2150313297730454594593792544
31304671230211255952980917484
2660602880227856136
67829675763226244896037860913
25844058003302150891106080198
3348579204844886777
13903632829243774829003383234
23979949812762655646928855591
3032248349212884334
68202011653171336229634152155
22711462644646171117648622007
2078004772853591781
11509102833758700084505710296
3784777517771034706682104138
726446451987966603
8114137839683207308662246907
49853552753261187760140030477
3175371737771161243
7627395723852022987991866970
60139984761109195200290053598
2467892552168365558
53476557423422871031134314859
78580700442670068711255649780
2530545579097729187
58487977588003849359973997521
32324119398822484078112276355
62614416149246671
52892596182087364237398751576
17334948852137168068594557425
526254764847817325
33594841604313595308645570819
5248360243591712766170083264
10469008041315802
55112570479266405689223370829
74987286601911897581787020201
1740482870744892603
42715669327643658431954721312
53712638278194449186725720618
2552851106127154022
19221720491548527884149922890
68890591780852867114270845198
380787732133316287
69595523216209287944704170595
26918686455011162712712043305
1674241994596128923
70201113365413578201689119095
54714679068184818277419823363
2402353616940840613
34254165692840336682166645904
58666275765726527541007879650
1159542633269207968
15450669293785176401924386373
16655036104285789290127329059
2089143386422575661
1807385192390105039807132506
72063482052535920724680193651
1389407257031634225
75307891898086499093450566268
26880321563683131922802361319
634201980651556131
55386220488393043193995627999
3722778143279207061192685875
2042663213577740411
36825906063223416090211335810
76793794398681060015078067065
2901201427577719533
74360061374546207967114534290
22054910361583621412331885551
3047162087393908364
50618269195144695572853503479
23022717465614486982192966160
2580069405148782990
41915688944633960848071873048
25636446801345515367279548166
957199129753913061
22269771508672075437230134467
73303907680338341155755153458
3330991773568728964
70674487223256633873919733241
59543737291907494635005370794
2087017722384838553
58256391145101855033713097067
71213753724705814237754468356
396583181754718942
54607044528643412926645191367
2332496549292870405178908513
526398862165083330
65424473346162924803840987862
55906777831887946396237407746
2113733363278744029
5731312488971072949566986007
39289610754098958654611905708
2123162825649142994
76389040592400786466782206109
40427213137098983922876146021
1279096710028558718
34863839000166016939855254374
61682399772185703033362419781
206481774063050265
49032160968350305262196272074
61880847739657649180584513460
2075487324653707589
40842403302351173875703559252
71505093022739144441085618453
1130765049065769322
10028273445788588652141436503
13593442044173660894449655171
2673081772195221993
58274538981654766391261641697
45924936269739172562633144997
3133936828814800557
58592508723909436267794357175
70981108769744795051465244284
1877371503277981660
42134198850765926581564904237
64871035306326301407403921644
92583564956391239
35649401473885435853138493334
71221410307312240683883026772
2093412118858867766
65141724342414184549880429453
74411216289439035635632380603
2577565814504152214
32526439414284655886069877112
36787807544028239728912391241
239652210712354855
78277052783933336767573713133
26650930546320781827688654443
2810866949540547240
5129290280188030766885164892
69440486717714033166553171305
792882900082348946
20623848687726257210535648864
49621118673688108492889585075
1056081158992235927
62085239390487598232263854188
7833571391381024112874636882
1699341612130278990
42359034109509179201143076112
62634609380975959848630863480
2022823774226634077
70464465988109177883280113478
1794952206332503716969883231
2894448855476448609
14373899677044612973618977245
46928289444362142586727279330
2235784349330477336
73944220075620995868779384470
55892839602536962815321843212
2451688041463352034
10792435419330513547473913188
73599456292962691350586902688
2517985643322463735
66987783599683701166147199993
5273401912281405349600026470
3329310473028874603
71150668075202722272065780862
53670602485214094144121680970
1896856559480711474
637155128601066310900203865
11245509681305019463501792793
2863899009990706994
43363428651176637289598277713
3091895299874765428531264443
2341674505112926380
45643196658132758185227909049
36175810893830966222137927595
338944824829830927
50915998768934589838127528193
40085835057578270328662942502
1583500945672618687
47350537687434832989082479101
2126149950142921837303651630
307765812844138910
15965983118919226539332219543
64396586565114527256931351755
577855845116510152
24247077588928605258028003415
66575906487316709966497745011
623070546004482957
22423050680204136102149374011
61239611686817313358057647880
1268023346939415439
53660175383885078054415507821
51559308554484654927685788365
1023827180933630056
27914425792731155091087515351
17987155054374653885100683170
3312053151797601837
51258916146659960992759972474
73364676718894556385881053167
1078032732995506689
66018540167703752135218909232
6162441125927643911261637842
6198557723324
77733255370081383568827973782
46895917086180327625268485608
1618087268468310626
33294361301088160474170989110
5012663094441815247623696765
2009044352663431922
49936563554841463066627597630
27894922556612837230008688310
1266978264785054569
57277639907432514961990561953
65024602512141675738179905144
2431858328076457985
17799914072257001506881919587
64200395489772321857979329251
2736547877905659204
54994936433561700303940110367
56703896840278551983467370132
2049595117015472166
18436696730129043186900258729
70136065021932901889831340746
3240173952033495398
6338396307302074898446400927
4727397286107318744827522027
1858338460312342919
12963248203025149946512725917
60055961480291323981729134131
2226745861457211241
15475745063994480397403483573
63312467094162496357412832164
2510362017761559665
73857574107914420005596424046
14582165642665611636311431843
1457979123240667925
6089983841840941200563968481
62265515044575843285631269414
3055721667919732418
47145691214811548159209180056
9488048992125648941242999024
3333106270151186127
70937796116627472356742024377
41989168750017616209976081840
1537240349587333615
19683898608569464145641794200
6996974650385507589234847917
2947761186806122823
77897524609167472113318119268
72771176475920498751422663818
1387149007206632752
4304452667408514568249070257
6578950282266083012653718918
2824906958790895837
33906018108609277253482629987
42509610311425792136051686194
28564895647984712
32109391769917493755675512587
79150209287061994298771921523
2758119384508128172
76582463199770551315519839512
48436458756588900203351072082
827944384560912124
7124074205673212080270119428
48908531960646887786795669211
3191324331759485454
70688725635304480549912777088
57339021173465688097085970363
2733062506806426025
19934699512110934317827009744
32776855138710501902633256531
1379498253571349844
16856727373923920650420267906
44200064126398000272832322948
458564136650031213
7372836188891533031040880299
21328774221643352244979254697
80996908520445291
24743667870099047203131362003
37636808819163390656691254474
244033352862313188
44119396191424187388463483586
47679576332702263293641209834
1855892026051586872
69271994961514071372820795158
32259413988824691464041293557
971090015304699485
10981228055703452470733634673
2759662935430315747678471486
879146423252642866
73225003509131215950034320437
50374679187807109159604647105
1555233231595497207
59563083676614275943973563312
72849029132245368381171154904
1282600620708689237
59167953227726480669231041504
33936582328280568169521785105
2126380554795531104
70045979732867805897825451236
14259595623329934183229506225
2375694674308718526
77811344681233315444876259240
14401121646890866568184393441
3007776491031263454
25083023976545072907491983530
54323382782488482000441334573
1853545969648600617
73293347067754800967097737197
43481089536733694571435922266
3427936222732052668
16301542109350793887458659505
68787904484688630801249631370
2497956021976247611
30774519225000240927882255631
9660781503025118558619969950
642418396286768309
42658806853796728094999161260
17083041534977976243199394478
63330456193089361
32126867787073643591267708403
17485928544610078333757647845
734226572173793347
2982280221952637499615859415
8760950063079521935564763514
176708599323396934
21082128684102108468599286431
62574404642744487294798064440
2085011510310034865
43158162522344082110002963171
11836978774264670673105390452
3180680848711075302
14685880608964539567224162469
11449761877443054177013307912
1878066550690704575
47517190121040634984172667155
61671283417315025827932636012
2435637074361672539
13786404153463601737508953849
57967521028323422041860233157
2291209406318367353
15606797160506273562889153212
759039512067218810934689616
1073029148313613455
17948048389555775240043714831
71262079684755722073944565286
642149644282076363
10174951462179349019176043243
35749483949864618909593663156
486629736110953790
64979608420258413381635292261
30213148938313252628091870808
1759558966984180455
68353494680528548480007374696
2828340933398227579823543898
2574734704216526905
56094019683853136695884222423
35446203459476116544946095517
3203530033647532218
51257263514325129382968904560
1382929134364667582753924132
2770435117816341321
71105995944111147522768154908
75501305871896560938427445774
2333973522419545947
41193737191677759390430509034
6140641165192552614003521190
466583463758440586
23754795063620433883159256723
11070543504126454733095902361
1409293924525206547
16392618085014954647214451096
74734702712020531377805986320
2557492004464097241
76554294492496796133870310812
2479237766845556187569210188
3051815348627842666
27809039738323918148317128239
55733852615783824223394974801
274997050115713453
46928025226007549078143295685
55877436382596314636385405747
2876417207556865596
10976886270806271950032498400
1924094399238984110310696179
2809949496369102834
4488463650624294213705535332
10754247693330887577731265195
2436305127024837409
79021058699740134516678460109
25301310895595736941091399487
2917213891373433323
27002550201498784590514810285
74140943240079091599532831729
3315154237413963089
30418972244858264894820508137
51927079786305249152576570543
2306481665113790051
71617734505458115256572407560
21025645051110825382426935091
1154706905252333919
10244844104054300100952712421
39236247894313632401510848133
624184524530566748
4342724896852457754109884208
54844753103083128000948350381
3483349144706798558
26435267324349753554621519638
67666963944428743605069244167
2572487560771286374
7194870263804688632080349157
13091851307191363715659312319
241720415022082287
54056484072916994216684340740
4832857899306753097636395646
2777664189589101121
8154610965809076857777426954
29138328200820187517788133320
866610771688394696
44205525918635218096517705718
59444343479427569829398634941
2473458380406416571
19558786201805494407639545579
38834259780088917758841350391
2760332738253883914
72820382528580881685718537280
56575056109103311597182389993
215996615373419889
68122693011040547379264479624
63084054351472442889529100804
3152775697124581375
64278351994118284598829368367
70392823001159767985743855438
2552091910186929610
5092950025532116878667569458
76977994525213201638926952052
910125892715597566
65236814857393545796360969586
78296841911103515210489207207
3306950588452047205
330274401164450435141687304
31540587506423967926562344271
1217883959302005834
43139533314432090354504671549
30163333258703946755517578560
431345585215770334
75045267749782166063791923826
36847088634928160855461368843
3183758273571712109
23465488863078217707400285870
60592516807021787827736634523
3395012040323611108
32133360146104752081600534771
49551007845685530341188995306
602119506025137641
65518988476732155679609024744
35186704414184287010625942911
1496363335069182243
13542072682797435493121279787
7815760530461468803230679446
2157002258794601406
16042496777005767877224893544
6385365561868760891197786260
314467695184104563
74982244564740224792477896761
1328117953037676377275655827
2623566508110619948
51185975371708329670395899672
27367648422417259235563991024
1899073423589174678
28871459081458091375355676975
56755568878452738417401794934
2081013667278387548
60592416382728360208978168574
15951398807907480786106192858
2883224595283565994
66668657991617694863128954638
31623377139153909606370778126
2428530982356418212
26295317112439980036551381385
78889531770558074421448734937
1171790357878587172
21139647374609992894643102746
35979147625993627752203631548
1144461492244521262
22491832335077975137196071153
67247443704570267294518430748
1548042447739502827
62432715777931100427374120024
31333979155886492659111897465
2541460165542769243
9986392782679231010171956613
73109291484773638161281355143
2238901358405619344
36251662569136363656575397626
51304544984060386158536800475
911431486941024910
72473901794594208754607661622
66379330423000101197930361903
783208526148941033
45375282117660177688520669886
74664537929692548678148715717
2421273844165123204
19058725753442719757944463048
37925756210350288488220343901
2890212164224203440
78068783461625388663735562995
49231192853388394414846558842
3095608121568717088
46903328364888907202824895564
35824926336985010134115513294
3343972304584358807
1620771015473896866047399131
8908290715897292905592063895
2064001688460084666
69690479662035282965407608285
38548474556173824358250504198
3403802526991936891
78340448076999437152665688773
58638362549697711507549974147
3419116854048198657
58022500201680408442911184426
13103777880933696093349244044
276465287915479676
47060065192520636009071412575
37580301113362440981104967562
1126957612953234394
52375071946783244785666138128
34418250150978206396435927453
980246182246760436
14192748333164940748739749935
40711555857794698835270702017
2006429344400261193
4678159321011014773407383985
55438816447385691582011784476
994992361831259017
17237251332179745726100111264
46078066316503147253908428119
316423965054377280
67586864722129473661647990746
75089892309597374299354753925
2769653860047846010
49990295855920584258066912648
18198049843660363507330998474
2723494337018934548
69990379446274456678452573849
70505909473661411153976774263
1548221262210124160
42259725451122477028248854947
29021922369285864338582154404
600890874837150254
65221942561802405174290874290
44887485470031043889089635270
2691963989423153898
31606371708224656857011672308
46342223771412731868699697103
2949787988271120046
61377724324489127513094629091
65770929542391829994193716698
2840016680948559040
17311345202557997820312050887
35273225157943533034235835970
807610093714927672
29962978067198309779916705117
51735165468882804169492353436
3055293295636261930
29651272400260314791705207014
7665525964588169213503546250
2400111391713506764
66484423840154608378511834086
60354973043207734826235884451
485097395702075867
78486495872531842011828515785
705383938364163675487488595
1491181379220101406
44724216953907254462121057954
76203810934445931174744535373
90184455467138859
44609882805765644042177930730
71956542642419151323296138176
261106227934206741
5722359959297602756242168090
19591674534727923020239171491
1923356664816095360
68969388007062357449458630673
5470318891432244480146858387
1968149317599431906
49297133111681554449647944832
34578707226978679535523109966
2044708079130431129
3467430539231844677333453201
44075757473834228043376166930
2304376915417916316
71832661549547245114405826781
51909170244717200743836953567
3163847460440102834
59450667747226262169674421258
14738726774279320367102611533
1941735811307772411
11503497295530767699129341610
34908326929581092976627130715
3097591548902472066
21682385636672014072815865295
58643356171625655602872832711
1262359796399565837
70111318282728915407702629306
8332732721610978040322955838
902838997095931957
73969084782494594772689075264
15730401496574889745658815544
3200295627719977662
30019708148104449694127672991
12029036554757979237306412897
2683113169457302269
6418903650637915116481808310
48968047286596666658287138028
422785502826348566
14524414713770205901803658592
53742108767632475487812013692
2170642403637056484
38225164210024988657499755774
4217488087337999524250500729
775565564392770575
36639996763103638543448203337
54992691181800228971062464506
3166234034566190551
68730701309720277426987049664
50420462595516336741816281200
2952586138922720432
40631242711809811404050769356
77727969736855537720902875445
3451076760836513010
63911213450575139271598056429
29577769550235233499708199402
260692545627116233
44284408125973459172825306399
77869767233219262855301461788
893981871249007303
59677095980637556002161917828
44466636198692360887762427800
2908749833461444128
14560039109771954695972163014
69094291062899382245405741915
2781437022508578889
47390661355289502397122170982
14348259189195839632596525924
3116961758197444099
8933902276855035412785832057
11594304721373145242626096668
1357618749158734241
3787087267750640156283121066
3889999467046316110483704975
356973602414392180
41273369816921808776455707214
71878521966811012053381382335
2993409654431326452
62931122297956517939036252075
22993861801548341811358873273
3164974375638424245
49970344908135986253000480789
22952806383559314503372607468
224620267534451447
46347202249035884031823634793
24180860442037081093356922930
1470413087163300783
22933337651426520375683409189
1149038730596018347459315687
2068251602482422006
66168326016152908016649123625
61068726795177630881296323340
328184979886561326
45384184313299906053196314225
68415321491970130745003981555
1278444151290248679
145
62969423745599627423826490299
60474551667955306212077494292
2510638417822978939
36374985509780726002459348848
57932953990929019254295096620
2398190846631053707
61452506686756829535160464276
43891436571890029119824835981
2790106705497812033
73385332261391694643729058502
11080690232554530260275151510
1326804494666518398
69592447035064130474118344901
50307126854404052687970885572
1215974077830656018
15035510712249435468048746517
24360470849681214913077483518
1460309389252393184
31141400359003707054219554781
24060722246085870545630223598
1917347182598909020
33352115705405866261868420904
45886996423451335319661162145
3463240254165578271
9507700281546283711843680891
35580372967987531177898674831
1535132469885160750
24748937705111521437765624503
44734648760551818834498616678
2955611950026112653
40594477279253744561661982510
4844715660205299182114116372
1423341976742151887
26794761907958319499029374413
33621715368547764228441359050
960965642263002607
49711197222306264818305199316
35066291316891711728679569908
2860685989948742394
36024826639220280477205308593
57450931315108226832690160919
782311338250324582
65057958020793763179443920264
32671112000981177900208424787
3155476551760144060
62318229215694964026177651975
56686214007803930911387906239
1638268596370618541
34405985742182760853481764143
52074919182739654595578420550
2589263810175238485
12051848768236003826123913533
11988780343244494576766149374
614197479775627079
18693156811805252766837138631
18014545757436816705450800472
665143311932344127
45046359933513297514155105359
55439222344336570069134189652
175629651811243884
4343178490441211053830625495
7303446346548789440728332712
2436380001215117833
17601924890472180797954380852
74801116631215501092264259173
2105009400218062110
58730284103131979323215427261
4778935712722053956300246233
2962665238662593431
34982673609512246673512019321
30706468632658410098595497032
2408967593099953739
28760353603035402320352900842
767502297410368140669473141
2250612392996198805
29760836970236601139610821991
6360898833741678195319818805
699797744853702513
16379762803404259854894351013
77230904662154927676728029423
2877317648909585465
58403930690962430465732782456
32829640095184251846248401379
2404287998714679995
37828414413642813196281976061
67540381373000150642105876214
56775570476553385
33850139954427573075177654941
26343543984944746606587752
1562835453548860717
1315598991706390726117460835
24396446280590494629132517535
1136654595589933181
18545665727104882581530706701
67678430373362999768852594439
3076619113613249654
34396135701445654675006935712
17785363469395208544226756301
193034642430365409
33614251478727600316286925791
1873031750248913563719828311
1515858673362491719
69987275790125938276816297715
78298449244199415667556392035
688951531979371721
25145431163581000718014989416
17874042207364217481040214151
2866700795548669546
11408489453424524826792914119
41723134246984082841766396314
1537616601990310686
48571773806148850084410609032
16163305974473866446390161346
2394208132100859392
55542382892993306308728563906
5605656804659970686042812463
1149261812124455059
70479806539690350040257375084
39224136247131194734440275698
1890779386865738190
60005164666008890575361886731
66893138095255739926331367437
781732628465038332
63987805137229948385360139168
77754455204357933081474765802
2852770366965002617
39442975712988347898051610625
62827024775262647923684193719
3261694359475472435
61346504684859499106456136240
77318240741248549877261054988
580487129658519561
26204648876122601008531101582
54416494932475316451609138524
715840156384631294
1488918565429202898662383254
26793430782212070220071884418
3009042773319199923
34481393917334983834792541974
38394038587193191910164217598
452176836913467292
70363778622010406165448284259
63322737393662013678832270364
1554342337424627692
31973833721922007858675121521
60056748357539292029092975510
2594267327675758545
69691905045866431975403718768
7870018188540901448898390859
2156579795369070913
47312005422632820245315407557
37257632383202515594966217527
586305172491213087
17006221023046128747816642682
72542844146467467597712311972
934836561600037821
65438945122069558016233991252
67939138914189413919452557123
3183322764796656967
68170870618752013838950113126
26591203278850990010079862858
3063778146560352464
4305566500770126022484641833
25097321542669032520033945604
32118117121703104
19349277555560971765940592220
45918176295581135976959611655
2447452605253776428
51211877942176660780464986258
32856140641440896634439208338
2774255961349755022
14745355545702137599391831330
78799845798123272500959149792
2376474713648275794
32975982270766386278895547866
77774511300870831609897182316
1975697837534895004
45933867725352403995842363137
29494503302857966234193150363
647712278522516441
9622546581238925489683726771
36177266582097608444880197691
1118054958546933132
30383337376773206492941267265
71240467064590201182098390010
321089385810974245
73350608904394651591896795392
63797480995789952528842429485
2323837845359853239
42940392354175928296986607376
14780525306834227397483573615
1722117648750487055
9574709391367044356074194379
33959156079608707319303091799
1007381676244534589
77594944730193067978763773865
1783073312560859678869719925
2430914799759000582
43570398202962876355261146437
17776377616384072414535124068
2679374598317938706
22901199705476762958804758030
4028006715679292880077540629
1067460863380784863
347973566187829620034676286
24265146594264587145219708219
1467948323943356824
78734210797728381593985323005
36299550738821480870664935881
1314277316473621889
46958147372234378461490759078
63684134061892227793283061279
2684180792826781176
56272767455762090889491458337
73038418796199947088265496840
2412213166394832869
43142577274725235972061302588
12169207732005592929154981079
506108605335122199
41869629104434469669910099417
5799236323563473843723347326
1255195552831535157
26532790375503127322179844403
10151645625771318238370549233
146814632648659114
41101636731713006808317746268
52309060290509370920486800439
2312927045368484762
25379822516750076009740616861
27041725280922380157798659645
2218964235992652363
36968357077250032760092661280
75620455604361147389937459134
1714310093175636473
25332382609266531578114093483
58192980557282663875604097300
837121253686993035
23516062163114522227683877076
16824109525849278251396520673
2093182328871411473
25382161396706162942662659593
20357891746262458130706305229
171224350599784548
65130961952235064716904908880
5956712514629543056593384923
987687712888668326
17286104907050105281046037376
61902381898558591842500080503
2073020653773437611
72033575454622077230000550141
28734199305697011930075535931
1380301513114537548
49797221880530252557400166005
25556369128439436250842344393
2690110362455327461
41530527421906444697366448540
51090738142258896984717275572
2580144748686034382
9487051507645622900424145874
54038962007457285234351802856
2741511648819744420
11380258473599236820677620196
29201494568916324649963391229
844260327543025332
4332312513019953752075967023
65412664721958892939544378313
443598651392099410
25663946740471984945272516146
55218233325106887226578004053
2597426487767390786
16667897573294473804440856560
67266050304296509627526084722
1449504605987108108
3107941945153101524109062080
16922548532969226259343614457
453270377535842170
70250747192790078074472585683
41402715646120820362856406959
387034866405512606
14883303151808130443839387639
69566324547786654047789969847
2224406622925919221
28779590730047588157720053831
47221776844983286093864591284
256405748872503433
38546168017805828445125966654
10896867850571360610747762062
833239645855413627
56476051069288240653723952244
21669119772196669812017387187
143894528056382288
68632722520644926264085259896
9356359817371687311460282362
1068835800361954562
54979469608333421184149232114
416148802154990358089166462
2312272400692810033
13414449451210242352489197765
10991886871767646396072754929
1429054349564357594
67778616857476646422259013492
54945130690391920513977974493
3008243517110144732
8938534085051453439713834495
42853733326561604997816000941
1274366841949344787
5482740537866046601513899181
40592050905293908936851066969
161422515568563276
63367321479798252145797036355
31481146940933008836583773883
2393515931797011246
64401642504875732242725971536
10589461478610272833884825231
3215780280733357355
30138144896264595147671574327
59197295079696539270871048689
1738673597446547700
1238696351800864341786338110
16449797067441992219970022079
2737414014971941764
29737888631575681372001004383
31728708836632502611486071606
1241557676131498783
2119335210119906319853708536
53354161097248971463713346407
1165968658708829108
77088940210205715851054126539
31294486284194633166241957026
284247333651944076
62759735510551756729600493578
28593088254193601755921604791
3301178096961611723
68965907096067382717682424458
71905879946091356887342393061
18483143441658161
18650982281968431327144722756
40265009072569494889921775775
498658454867815196
50600836792555386320130085136
16944586118553875944374281854
830813654740400021
34875282631241610888141977880
70560693162002214985035938917
1631181793929073144
65504841030714734465610276008
25281036310934773685108819533
2612520357286147864
76164866037678038687006836273
26391432147733596685183726896
2162960460511595921
63715731861566346454515264673
17105466725771026454016972586
1211234660304825212
19523411830616258037575764375
11030750954673191130275949698
263830104082447466
37495549329186382866658253236
73143405930975374096252874162
890833003960428998
13661234666665053330496321171
29278292691711319859116670516
1941869669786529099
75389676965425782538845793540
19481663931885628914071457082
667096899362244406
25027243303069073940729395156
65068948768459322163433643616
2307676638674764728
64587382497008266213778252768
14317089321729046344103365923
338849006304963482
36292347918866595638172799481
63784935014894872128199336918
2096043344359805767
13353398260624957383483820514
37185439352533539544901294177
631524755696555848
23768390343455483652970076178
24011292955235733036044191118
3352808293142160601
9516795226763071014322983853
4106647723450756309368238474
2567634467988557741
46653497457659478529434328205
30112495989517441724291527315
2576711059041232037
13359574983590094873282877034
36810251573387651552876289744
1320749476690815403
44486018905824886113726685048
47325050331720521525260709017
2091343802952074229
2708772509339473327107649228
58540444713055403342434453458
1830927145730902634
53239966509067561486032294947
38705974412524476946948232054
2761166571994937455
65820045001891044753292241468
69465618590587666898180306595
1196470489533102789
56623274919875214497323570838
20643480290071927312139315794
3460587499421447407
77631901547829441260977626525
17458150928758957209300662513
2506121001531262716
70901927120504805190589195775
5398691172590051410599865547
1728728374273073356
15771149326374175690488689099
2432805614120559739840789307
2606230324947840115
67380244597765541182877622845
13653458902994766335399418472
2451331998357993457
40174156522586573694677969372
32809403508925341600103221548
2017626572697308935
26831564160386597719739275794
76879506864476465299980886550
1987787455583449064
34742391652496806412798147973
25066043186888140429469977213
1674676959403807447
1786044280473370064729284605
25814370947864901642133324080
1740050513462560046
28861435491336791393305351419
47853316112973804966242213218
2402207921359624421
33973584853963510991081567691
73943404168942223029802722064
267492804925153967
3079013942545853158852424877863652220274767016492754444723751556145093090050
